11
0,1061109567,1,20,3,8,1061109567,1,12,9,17
12,0,2,1061109567,17,2,1061109567,5,1,2,1061109567
6,4,0,17,1061109567,20,1061109567,16,1061109567,6,1061109567
1061109567,4,3,0,1061109567,7,1,7,1061109567,18,1061109567
1061109567,16,1061109567,1061109567,0,1061109567,16,1061109567,1061109567,1061109567,9
16,1061109567,1061109567,1,1061109567,0,8,1061109567,1061109567,1061109567,3
1061109567,14,1061109567,1061109567,1061109567,1,0,14,20,8,1061109567
1061109567,1061109567,19,1061109567,6,1061109567,8,0,1061109567,1061109567,1061109567
1061109567,5,16,3,1061109567,12,1061109567,1061109567,0,1061109567,9
1061109567,14,1061109567,1061109567,1061109567,1,18,1061109567,1061109567,0,1061109567
1061109567,15,1061109567,10,1061109567,1061109567,1061109567,1061109567,10,1061109567,0
3
2
