9
0,71,71,64,1061109567,60,1061109567,27,1061109567
1061109567,0,1061109567,62,69,17,87,59,1061109567
15,13,0,72,1061109567,83,1061109567,1061109567,1061109567
96,1061109567,1061109567,0,1061109567,1061109567,1061109567,1061109567,1061109567
1061109567,38,1061109567,80,0,10,97,90,1061109567
1061109567,1061109567,1061109567,1061109567,1061109567,0,1061109567,42,32
1061109567,1061109567,1061109567,44,56,1061109567,0,1061109567,1061109567
1061109567,18,1061109567,86,61,1061109567,1061109567,0,24
1061109567,41,1061109567,1061109567,1061109567,1061109567,15,53,0
4
7
