15
0,78,1061109567,215,1061109567,226,1061109567,1061109567,1061109567,239,1061109567,1061109567,1061109567,1061109567,1061109567
1061109567,0,1061109567,1061109567,181,1061109567,351,153,496,105,1061109567,1061109567,1061109567,1061109567,1061109567
1061109567,1061109567,0,57,431,1061109567,1061109567,1061109567,59,125,1061109567,1061109567,1061109567,422,417
1061109567,404,87,0,1061109567,120,1061109567,255,195,37,211,1061109567,1061109567,1061109567,158
132,310,1061109567,372,0,214,401,1061109567,485,1061109567,480,1061109567,249,196,339
120,1061109567,342,1061109567,1061109567,0,410,1061109567,464,137,1061109567,367,249,1061109567,1061109567
1061109567,222,348,208,279,1061109567,0,122,1061109567,1061109567,121,211,373,1061109567,444
475,1061109567,223,441,63,1061109567,500,0,1061109567,439,1061109567,276,136,1061109567,1061109567
328,1061109567,1061109567,1061109567,257,328,1061109567,1061109567,0,185,1061109567,480,1061109567,1061109567,1061109567
497,1061109567,408,218,1061109567,1061109567,185,422,428,0,416,1061109567,1061109567,1061109567,395
1061109567,182,1061109567,462,1061109567,301,1061109567,1061109567,477,328,0,59,1061109567,196,1061109567
1061109567,1061109567,257,1061109567,326,1061109567,1061109567,1061109567,493,185,152,0,247,1061109567,1061109567
138,1061109567,1061109567,179,498,1061109567,1061109567,1061109567,194,1061109567,1061109567,1061109567,0,1061109567,1061109567
1061109567,1061109567,1061109567,1061109567,1061109567,1061109567,116,1061109567,471,177,214,338,1061109567,0,194
1061109567,468,288,1061109567,29,286,396,379,1061109567,1061109567,1061109567,1061109567,169,299,0
12
10
