10
0,1061109567,1061109567,1061109567,1061109567,1061109567,1,5,1061109567,1061109567
1061109567,0,5,1061109567,1061109567,1061109567,14,9,1061109567,13
7,4,0,1061109567,13,1061109567,13,19,2,1061109567
6,12,11,0,7,1061109567,20,3,8,1061109567
1,12,9,17,0,12,2,1061109567,17,2
1061109567,5,1,2,1061109567,0,6,4,17,1061109567
20,1061109567,16,1061109567,6,1061109567,0,1061109567,4,3
1061109567,7,1,7,1061109567,18,1061109567,0,1061109567,16
1061109567,1061109567,1061109567,16,1061109567,1061109567,1061109567,9,0,16
1061109567,1061109567,1,1061109567,8,1061109567,1061109567,1061109567,3,0
9
2
