223 736
473 734
320 712
47 706
315 699
213 695
28 694
460 691
157 691
197 687
390 681
404 675
490 670
319 670
206 665
146 660
173 654
26 653
310 652
488 651
237 651
52 651
175 649
448 648
99 648
59 646
145 643
35 639
192 638
459 635
291 634
231 633
217 633
125 633
134 632
243 630
186 630
498 621
74 620
495 617
395 617
443 615
360 615
111 614
418 613
296 613
257 612
462 611
226 611
168 610
107 610
397 609
181 609
341 607
88 607
268 606
254 604
187 604
92 604
163 603
352 602
255 602
190 602
183 602
8 602
339 601
396 598
374 598
215 598
496 597
143 596
50 596
324 595
391 594
201 594
415 592
162 591
273 590
116 589
375 587
278 587
122 586
379 585
169 584
309 583
177 581
410 580
49 580
437 577
480 576
467 576
345 575
178 575
484 574
12 574
436 573
204 573
378 572
89 571
406 570
349 570
72 570
11 570
356 569
311 569
306 569
265 569
229 569
22 568
282 565
25 564
500 562
283 562
321 561
413 560
380 560
196 560
53 560
64 558
7 558
288 556
267 556
151 556
432 554
123 554
299 553
144 552
30 552
449 550
338 548
149 548
419 547
325 547
61 547
426 546
322 546
17 546
86 545
66 545
58 545
155 544
15 544
242 543
85 542
362 541
277 540
481 539
264 539
276 537
191 537
164 537
485 536
454 535
414 535
388 535
314 535
359 534
411 533
323 532
43 532
205 531
82 531
398 530
303 529
153 529
27 528
120 527
154 526
228 525
372 524
214 524
492 523
285 523
81 523
421 522
472 521
224 521
431 520
417 520
371 520
119 520
104 520
24 520
368 519
87 519
57 518
465 516
182 515
136 515
385 514
298 514
494 512
131 512
366 511
193 511
78 511
210 509
40 509
407 508
220 508
73 508
174 507
171 506
139 506
364 505
399 504
470 502
377 502
238 502
158 502
483 500
132 500
18 499
5 499
386 498
266 498
365 497
233 496
326 495
227 495
230 494
434 493
212 493
34 493
458 492
373 492
350 492
185 492
76 491
29 491
234 490
493 487
440 487
176 486
455 485
313 485
100 485
451 484
340 484
497 482
225 482
121 482
259 481
258 481
23 481
489 480
444 479
262 479
127 477
429 476
150 476
114 476
482 475
244 475
13 475
3 475
463 473
369 473
284 473
33 473
94 472
6 471
316 470
274 470
370 469
130 469
392 468
389 468
344 468
317 468
260 467
219 467
218 467
363 466
63 465
263 464
469 463
251 463
189 463
98 462
447 461
333 460
253 460
304 459
468 458
202 458
159 458
408 457
124 457
14 457
60 454
330 453
68 452
246 451
44 451
105 449
439 447
297 446
140 446
80 445
194 444
452 443
269 442
198 442
422 440
347 439
442 438
384 438
179 438
137 438
405 437
327 437
328 436
261 434
332 432
425 431
486 429
280 429
252 428
245 426
138 425
51 425
423 424
302 424
195 424
156 424
383 423
148 422
450 421
401 421
307 421
83 421
435 420
409 415
279 415
208 415
67 415
235 414
358 411
342 411
453 409
295 409
476 408
416 408
353 408
294 406
403 405
71 405
32 405
430 404
420 404
281 403
10 401
240 399
438 396
113 395
346 393
271 391
270 390
91 390
382 389
42 387
247 384
461 382
180 380
39 379
354 376
90 376
108 375
77 375
70 375
102 372
45 368
456 367
286 366
65 364
93 361
41 358
361 357
172 354
19 352
331 351
376 350
248 347
393 340
478 337
446 337
75 336
394 331
152 331
126 330
2 328
301 325
487 323
160 322
250 321
241 307
31 300
318 289
128 289
207 286
412 285
367 282
167 272
292 271
20 268
9 267
308 264
95 260
499 -1
491 -1
479 -1
477 -1
475 -1
474 -1
471 -1
466 -1
464 -1
457 -1
445 -1
441 -1
433 -1
428 -1
427 -1
424 -1
402 -1
400 -1
387 -1
381 -1
357 -1
355 -1
351 -1
348 -1
343 -1
337 -1
336 -1
335 -1
334 -1
329 -1
312 -1
305 -1
300 -1
293 -1
290 -1
289 -1
287 -1
275 -1
272 -1
256 -1
249 -1
239 -1
236 -1
232 -1
222 -1
221 -1
216 -1
211 -1
209 -1
203 -1
200 -1
199 -1
188 -1
184 -1
170 -1
166 -1
165 -1
161 -1
147 -1
142 -1
141 -1
135 -1
133 -1
129 -1
118 -1
117 -1
115 -1
112 -1
110 -1
109 -1
106 -1
103 -1
101 -1
97 -1
96 -1
84 -1
79 -1
69 -1
62 -1
56 -1
55 -1
54 -1
48 -1
46 -1
38 -1
37 -1
36 -1
21 -1
16 -1
4 -1
1 -1
