301 4
302 60
303 71
304 95
305 19
306 59
307 82
308 20
309 41
310 64
311 34
312 20
313 94
314 6
315 36
316 86
317 60
318 16
319 53
320 88
321 33
322 72
323 89
324 55
325 98
326 77
327 35
328 89
329 13
330 96
331 36
332 15
333 8
334 44
335 81
336 52
337 84
338 89
339 73
340 40
341 93
342 47
343 9
344 96
345 45
346 56
347 74
348 35
349 82
350 79
351 63
352 26
353 14
354 90
355 34
356 26
357 60
358 68
359 90
360 79
361 18
362 26
363 75
364 54
365 24
366 87
367 18
368 89
369 89
370 2
371 80
372 69
373 44
374 78
375 60
376 20
377 45
378 78
379 34
380 89
381 72
382 15
383 42
384 33
385 70
386 37
387 48
388 70
389 58
390 84
391 34
392 36
393 69
394 43
395 96
396 44
397 69
398 65
399 97
400 54
