201 64
202 85
203 12
204 18
205 53
206 41
207 16
208 82
209 88
210 13
211 -1
212 61
213 64
214 92
215 93
216 87
217 89
218 2
219 19
220 12
221 36
222 34
223 8
224 77
225 100
226 68
227 54
228 13
229 59
230 64
231 32
232 74
233 36
234 52
235 4
236 -1
237 63
238 68
239 58
240 24
241 17
242 59
243 75
244 10
245 41
246 93
247 37
248 17
249 64
250 98
251 89
252 90
253 17
254 66
255 83
256 73
257 80
258 46
259 12
260 77
261 1
262 28
263 40
264 84
265 34
266 19
267 38
268 44
269 63
270 24
271 27
272 91
273 51
274 85
275 48
276 18
277 76
278 93
279 0
280 89
281 4
282 95
283 54
284 54
285 92
286 0
287 24
288 43
289 20
290 -1
291 91
292 18
293 -1
294 32
295 13
296 84
297 12
298 13
299 65
300 51
