401 10
402 37
403 59
404 48
405 0
406 95
407 47
408 17
409 32
410 98
411 55
412 32
413 67
414 9
415 52
416 96
417 63
418 65
419 77
420 46
421 37
422 55
423 4
424 80
425 35
426 98
427 46
428 54
429 26
430 21
431 47
432 74
433 3
434 27
435 0
436 39
437 88
438 3
439 10
440 32
441 67
442 7
443 69
444 1
445 13
446 30
447 4
448 34
449 53
450 30
451 93
452 43
453 44
454 52
455 41
456 17
457 30
458 88
459 36
460 61
461 92
462 75
463 17
464 47
465 37
466 61
467 30
468 12
469 71
470 50
471 14
472 80
473 66
474 94
475 25
476 78
477 45
478 44
479 45
480 41
481 89
482 85
483 72
484 13
485 38
486 90
487 57
488 79
489 71
490 92
491 0
492 85
493 50
494 67
495 93
496 98
497 4
498 42
499 -1
500 72
