401 17
402 83
403 97
404 98
405 49
406 34
407 51
408 26
409 35
410 7
411 44
412 20
413 75
414 28
415 48
416 58
417 84
418 93
419 24
420 41
421 55
422 75
423 82
424 91
425 17
426 23
427 42
428 18
429 10
430 4
431 14
432 14
433 79
434 59
435 44
436 7
437 77
438 29
439 70
440 83
441 79
442 75
443 96
444 74
445 86
446 19
447 94
448 95
449 42
450 18
451 52
452 32
453 28
454 93
455 11
456 1
457 79
458 27
459 84
460 6
461 56
462 83
463 18
464 88
465 81
466 2
467 53
468 81
469 24
470 43
471 44
472 76
473 58
474 11
475 86
476 12
477 19
478 2
479 74
480 70
481 95
482 1
483 9
484 57
485 98
486 92
487 24
488 92
489 81
490 76
491 11
492 64
493 27
494 59
495 61
496 54
497 11
498 78
499 62
500 42
