1 70
2 28
3 14
4 11
5 48
6 41
7 78
8 41
9 18
10 32
11 29
12 82
13 2
14 26
15 74
16 66
17 46
18 26
19 6
20 36
21 44
22 33
23 32
24 25
25 43
26 19
27 50
28 97
29 64
30 95
31 19
32 25
33 17
34 61
35 29
36 25
37 -1
38 68
39 25
40 63
41 8
42 24
43 75
44 64
45 77
46 89
47 78
48 75
49 33
50 66
51 27
52 96
53 86
54 81
55 -1
56 23
57 72
58 24
59 98
60 44
61 32
62 40
63 69
64 17
65 4
66 48
67 4
68 11
69 4
70 57
71 12
72 21
73 24
74 70
75 0
76 26
77 32
78 50
79 13
80 25
81 46
82 24
83 52
84 84
85 77
86 80
87 56
88 84
89 9
90 71
91 29
92 88
93 9
94 51
95 57
96 9
97 75
98 15
99 70
100 65
