301 32
302 43
303 31
304 26
305 68
306 73
307 23
308 6
309 82
310 93
311 41
312 80
313 40
314 54
315 100
316 25
317 28
318 7
319 34
320 89
321 27
322 82
323 78
324 92
325 54
326 92
327 37
328 28
329 33
330 30
331 66
332 33
333 86
334 54
335 28
336 3
337 2
338 97
339 86
340 22
341 81
342 67
343 75
344 91
345 25
346 28
347 84
348 91
349 84
350 75
351 57
352 88
353 74
354 19
355 90
356 93
357 18
358 7
359 16
360 58
361 42
362 99
363 56
364 12
365 86
366 27
367 25
368 71
369 100
370 11
371 74
372 15
373 65
374 64
375 71
376 66
377 94
378 93
379 89
380 55
381 61
382 56
383 17
384 41
385 33
386 84
387 27
388 0
389 49
390 86
391 26
392 8
393 20
394 13
395 81
396 64
397 13
398 29
399 41
400 21
