401 32
402 22
403 27
404 52
405 40
406 32
407 46
408 19
409 49
410 66
411 99
412 44
413 11
414 0
415 90
416 3
417 25
418 35
419 86
420 7
421 46
422 32
423 48
424 19
425 39
426 7
427 59
428 -1
429 89
430 59
431 81
432 3
433 25
434 78
435 45
436 60
437 37
438 69
439 46
440 2
441 70
442 84
443 100
444 75
445 19
446 44
447 55
448 61
449 49
450 48
451 0
452 83
453 33
454 40
455 9
456 9
457 63
458 24
459 37
460 52
461 17
462 80
463 94
464 -1
465 80
466 44
467 96
468 67
469 25
470 50
471 28
472 5
473 70
474 36
475 -1
476 8
477 12
478 62
479 14
480 43
481 35
482 76
483 4
484 32
485 25
486 13
487 6
488 35
489 5
490 96
491 97
492 60
493 58
494 25
495 50
496 21
497 65
498 42
499 11
500 79
