1 50
2 73
3 19
4 3
5 65
6 59
7 62
8 97
9 6
10 29
11 40
12 42
13 82
14 87
15 75
16 36
17 48
18 60
19 54
20 10
21 10
22 69
23 25
24 64
25 53
26 77
27 49
28 40
29 73
30 11
31 39
32 9
33 46
34 17
35 81
36 -1
37 93
38 56
39 3
40 90
41 96
42 5
43 9
44 76
45 4
46 61
47 70
48 -1
49 81
50 59
51 88
52 95
53 79
54 53
55 79
56 57
57 57
58 77
59 8
60 73
61 91
62 -1
63 63
64 12
65 10
66 81
67 89
68 30
69 62
70 25
71 19
72 48
73 76
74 41
75 21
76 24
77 47
78 58
79 62
80 47
81 45
82 52
83 25
84 17
85 0
86 10
87 90
88 22
89 42
90 92
91 68
92 74
93 82
94 22
95 9
96 47
97 60
98 2
99 96
100 62
