401 68
402 45
403 3
404 19
405 68
406 46
407 67
408 68
409 18
410 36
411 17
412 5
413 21
414 48
415 76
416 44
417 69
418 17
419 31
420 65
421 73
422 49
423 78
424 44
425 75
426 98
427 -1
428 57
429 78
430 12
431 5
432 82
433 57
434 58
435 5
436 46
437 16
438 0
439 5
440 72
441 44
442 9
443 89
444 46
445 60
446 8
447 28
448 88
449 73
450 39
451 12
452 50
453 92
454 58
455 27
456 8
457 21
458 83
459 92
460 87
461 5
462 81
463 50
464 34
465 63
466 24
467 77
468 45
469 47
470 41
471 51
472 56
473 98
474 100
475 12
476 80
477 65
478 12
479 75
480 66
481 68
482 60
483 57
484 83
485 15
486 43
487 6
488 84
489 71
490 20
491 73
492 78
493 93
494 81
495 51
496 46
497 42
498 78
499 25
500 28
