101 54
102 26
103 49
104 31
105 76
106 21
107 16
108 81
109 -1
110 78
111 32
112 9
113 38
114 42
115 43
116 58
117 -1
118 1
119 3
120 24
121 34
122 52
123 79
124 79
125 57
126 6
127 18
128 24
129 62
130 42
131 30
132 72
133 9
134 64
135 40
136 63
137 45
138 52
139 70
140 57
141 -1
142 14
143 98
144 83
145 53
146 79
147 69
148 65
149 9
150 68
151 69
152 53
153 20
154 84
155 70
156 9
157 76
158 4
159 77
160 16
161 15
162 82
163 91
164 75
165 45
166 45
167 7
168 24
169 46
170 -1
171 64
172 7
173 45
174 9
175 74
176 32
177 40
178 97
179 33
180 1
181 63
182 53
183 52
184 80
185 14
186 4
187 55
188 37
189 8
190 22
191 72
192 4
193 35
194 10
195 4
196 94
197 40
198 82
199 47
200 57
