101 21
102 12
103 47
104 95
105 45
106 47
107 82
108 38
109 76
110 16
111 26
112 80
113 82
114 88
115 13
116 92
117 60
118 92
119 71
120 20
121 46
122 35
123 77
124 86
125 78
126 9
127 94
128 66
129 78
130 59
131 18
132 31
133 42
134 74
135 18
136 76
137 20
138 72
139 57
140 16
141 71
142 88
143 63
144 48
145 42
146 9
147 100
148 23
149 86
150 48
151 4
152 66
153 27
154 85
155 13
156 8
157 44
158 66
159 36
160 18
161 44
162 93
163 86
164 86
165 80
166 48
167 47
168 80
169 9
170 3
171 7
172 32
173 68
174 66
175 75
176 12
177 2
178 94
179 19
180 8
181 75
182 21
183 44
184 36
185 19
186 16
187 29
188 45
189 22
190 81
191 83
192 88
193 19
194 81
195 82
196 16
197 78
198 42
199 33
200 56
