301 79
302 21
303 80
304 94
305 96
306 93
307 36
308 29
309 38
310 53
311 53
312 42
313 49
314 79
315 32
316 34
317 90
318 25
319 81
320 51
321 48
322 81
323 25
324 66
325 4
326 87
327 87
328 36
329 14
330 17
331 4
332 61
333 14
334 54
335 -1
336 35
337 50
338 74
339 9
340 64
341 45
342 19
343 27
344 2
345 70
346 38
347 13
348 -1
349 93
350 44
351 33
352 76
353 72
354 0
355 22
356 55
357 46
358 97
359 86
360 80
361 13
362 0
363 25
364 97
365 53
366 57
367 25
368 30
369 84
370 49
371 78
372 22
373 6
374 3
375 84
376 1
377 48
378 32
379 67
380 42
381 87
382 38
383 1
384 63
385 84
386 94
387 65
388 86
389 42
390 94
391 25
392 9
393 37
394 31
395 52
396 16
397 60
398 97
399 52
400 23
