1 68
2 44
3 85
4 -1
5 88
6 21
7 22
8 60
9 5
10 40
11 29
12 10
13 10
14 44
15 28
16 -1
17 24
18 82
19 15
20 41
21 55
22 26
23 33
24 21
25 80
26 74
27 18
28 99
29 20
30 62
31 52
32 41
33 25
34 57
35 79
36 36
37 93
38 -1
39 93
40 80
41 54
42 34
43 12
44 1
45 10
46 60
47 74
48 14
49 27
50 25
51 5
52 37
53 18
54 81
55 7
56 -1
57 60
58 36
59 44
60 20
61 89
62 59
63 37
64 99
65 67
66 15
67 63
68 99
69 -1
70 13
71 55
72 89
73 28
74 64
75 39
76 93
77 54
78 33
79 93
80 19
81 31
82 75
83 24
84 4
85 32
86 3
87 34
88 57
89 81
90 76
91 21
92 73
93 48
94 68
95 2
96 16
97 11
98 30
99 94
100 77
