101 56
102 16
103 87
104 19
105 11
106 91
107 59
108 45
109 95
110 67
111 81
112 -1
113 40
114 48
115 9
116 80
117 66
118 8
119 98
120 21
121 81
122 98
123 55
124 28
125 98
126 3
127 79
128 2
129 -1
130 8
131 85
132 40
133 38
134 65
135 84
136 96
137 34
138 43
139 79
140 58
141 4
142 64
143 19
144 89
145 74
146 73
147 -1
148 59
149 14
150 31
151 81
152 9
153 85
154 88
155 64
156 56
157 80
158 0
159 33
160 60
161 74
162 9
163 92
164 83
165 2
166 84
167 8
168 96
169 96
170 60
171 22
172 10
173 47
174 95
175 62
176 52
177 39
178 67
179 19
180 54
181 75
182 94
183 93
184 24
185 45
186 99
187 59
188 72
189 44
190 75
191 65
192 74
193 68
194 11
195 7
196 29
197 83
198 38
199 26
200 37
