301 25
302 10
303 42
304 90
305 15
306 25
307 68
308 36
309 67
310 65
311 93
312 -1
313 88
314 77
315 96
316 43
317 70
318 51
319 16
320 63
321 75
322 67
323 84
324 77
325 43
326 15
327 29
328 16
329 44
330 85
331 48
332 85
333 33
334 -1
335 75
336 10
337 67
338 28
339 51
340 12
341 68
342 31
343 -1
344 54
345 74
346 44
347 93
348 49
349 39
350 24
351 76
352 17
353 86
354 37
355 -1
356 97
357 33
358 1
359 79
360 77
361 26
362 15
363 91
364 86
365 47
366 14
367 21
368 65
369 22
370 3
371 45
372 60
373 44
374 47
375 46
376 30
377 2
378 56
379 54
380 51
381 50
382 28
383 80
384 76
385 49
386 19
387 66
388 71
389 3
390 52
391 75
392 75
393 49
394 82
395 19
396 76
397 45
398 47
399 53
400 -1
