201 74
202 79
203 9
204 91
205 65
206 9
207 34
208 6
209 68
210 85
211 54
212 1
213 75
214 5
215 82
216 -1
217 64
218 82
219 11
220 39
221 45
222 54
223 68
224 64
225 80
226 66
227 19
228 5
229 68
230 14
231 79
232 85
233 90
234 50
235 92
236 62
237 82
238 49
239 39
240 90
241 12
242 62
243 82
244 75
245 18
246 21
247 15
248 73
249 97
250 33
251 53
252 81
253 59
254 76
255 85
256 19
257 88
258 3
259 62
260 75
261 67
262 59
263 71
264 16
265 66
266 77
267 68
268 64
269 88
270 69
271 23
272 88
273 51
274 4
275 21
276 87
277 72
278 24
279 33
280 17
281 56
282 91
283 56
284 11
285 79
286 81
287 96
288 58
289 93
290 5
291 8
292 12
293 59
294 94
295 3
296 85
297 36
298 12
299 17
300 66
