101 89
102 35
103 62
104 48
105 15
106 52
107 78
108 28
109 76
110 96
111 48
112 52
113 45
114 56
115 95
116 58
117 81
118 -1
119 60
120 95
121 44
122 58
123 16
124 36
125 20
126 35
127 22
128 15
129 54
130 88
131 35
132 30
133 46
134 31
135 11
136 63
137 37
138 88
139 27
140 31
141 70
142 68
143 88
144 80
145 78
146 94
147 27
148 16
149 15
150 61
151 6
152 0
153 87
154 12
155 96
156 35
157 65
158 81
159 8
160 48
161 49
162 95
163 83
164 10
165 32
166 -1
167 83
168 18
169 91
170 76
171 79
172 89
173 86
174 88
175 82
176 66
177 67
178 16
179 95
180 44
181 73
182 99
183 94
184 53
185 64
186 57
187 11
188 50
189 6
190 31
191 13
192 91
193 86
194 42
195 72
196 75
197 77
198 66
199 -1
200 49
