101 -1
102 23
103 19
104 79
105 75
106 45
107 82
108 19
109 74
110 77
111 65
112 31
113 26
114 35
115 85
116 94
117 78
118 92
119 16
120 37
121 64
122 56
123 67
124 6
125 89
126 9
127 71
128 39
129 80
130 18
131 10
132 83
133 81
134 95
135 32
136 22
137 39
138 42
139 35
140 53
141 61
142 21
143 99
144 71
145 50
146 62
147 12
148 63
149 76
150 86
151 87
152 19
153 0
154 8
155 56
156 49
157 75
158 88
159 70
160 50
161 -1
162 53
163 73
164 80
165 93
166 44
167 4
168 77
169 19
170 90
171 99
172 24
173 73
174 93
175 68
176 95
177 38
178 12
179 5
180 48
181 75
182 9
183 69
184 12
185 20
186 96
187 60
188 26
189 72
190 97
191 83
192 98
193 69
194 64
195 93
196 42
197 46
198 63
199 92
200 -1
