101 96
102 29
103 93
104 14
105 20
106 80
107 84
108 48
109 36
110 18
111 88
112 27
113 12
114 14
115 48
116 2
117 82
118 60
119 34
120 57
121 13
122 26
123 75
124 63
125 3
126 82
127 62
128 32
129 2
130 76
131 96
132 58
133 60
134 48
135 45
136 10
137 69
138 4
139 34
140 37
141 65
142 4
143 19
144 92
145 51
146 16
147 52
148 19
149 95
150 55
151 96
152 40
153 84
154 81
155 79
156 20
157 53
158 47
159 0
160 0
161 62
162 82
163 40
164 11
165 67
166 15
167 12
168 53
169 45
170 -1
171 26
172 0
173 34
174 78
175 65
176 3
177 89
178 91
179 36
180 0
181 25
182 75
183 98
184 -1
185 66
186 76
187 53
188 -1
189 69
190 47
191 19
192 15
193 3
194 67
195 89
196 44
197 53
198 94
199 16
200 46
