201 20
202 37
203 47
204 84
205 32
206 78
207 70
208 10
209 67
210 89
211 8
212 54
213 90
214 6
215 79
216 37
217 99
218 75
219 89
220 43
221 -1
222 55
223 93
224 3
225 49
226 81
227 88
228 77
229 4
230 70
231 99
232 81
233 82
234 73
235 28
236 100
237 59
238 56
239 77
240 9
241 11
242 3
243 68
244 83
245 41
246 18
247 86
248 24
249 37
250 5
251 76
252 20
253 0
254 27
255 66
256 26
257 94
258 95
259 67
260 21
261 60
262 56
263 9
264 31
265 88
266 78
267 99
268 86
269 3
270 43
271 18
272 100
273 58
274 94
275 76
276 77
277 62
278 97
279 70
280 43
281 50
282 53
283 36
284 82
285 54
286 31
287 77
288 78
289 26
290 90
291 90
292 3
293 6
294 33
295 85
296 20
297 19
298 41
299 95
300 33
