401 73
402 28
403 94
404 94
405 8
406 45
407 78
408 83
409 61
410 45
411 22
412 10
413 40
414 79
415 79
416 33
417 0
418 98
419 54
420 34
421 29
422 35
423 40
424 72
425 14
426 48
427 23
428 10
429 63
430 86
431 49
432 51
433 92
434 21
435 40
436 24
437 96
438 62
439 98
440 5
441 47
442 76
443 48
444 9
445 8
446 25
447 53
448 65
449 69
450 66
451 52
452 16
453 59
454 83
455 83
456 83
457 73
458 38
459 81
460 100
461 0
462 18
463 99
464 1
465 29
466 89
467 14
468 65
469 51
470 51
471 86
472 0
473 93
474 12
475 74
476 42
477 60
478 83
479 69
480 24
481 45
482 70
483 19
484 70
485 51
486 65
487 84
488 84
489 10
490 97
491 84
492 41
493 17
494 77
495 18
496 65
497 70
498 64
499 14
500 90
