101 49
102 89
103 38
104 56
105 34
106 -1
107 50
108 6
109 70
110 50
111 87
112 81
113 36
114 64
115 97
116 25
117 93
118 96
119 81
120 53
121 6
122 4
123 90
124 34
125 49
126 4
127 53
128 19
129 97
130 47
131 42
132 72
133 36
134 66
135 -1
136 0
137 5
138 24
139 33
140 90
141 90
142 10
143 26
144 3
145 84
146 72
147 24
148 92
149 33
150 83
151 70
152 18
153 50
154 43
155 42
156 68
157 73
158 71
159 68
160 61
161 56
162 67
163 13
164 86
165 51
166 69
167 41
168 86
169 61
170 36
171 67
172 88
173 86
174 50
175 17
176 94
177 100
178 30
179 52
180 83
181 61
182 93
183 29
184 -1
185 99
186 100
187 47
188 16
189 92
190 30
191 99
192 26
193 46
194 23
195 27
196 99
197 88
198 4
199 69
200 35
