401 56
402 73
403 78
404 89
405 9
406 83
407 15
408 87
409 17
410 27
411 77
412 17
413 67
414 91
415 2
416 6
417 33
418 85
419 12
420 6
421 97
422 1
423 14
424 3
425 35
426 50
427 71
428 96
429 25
430 26
431 96
432 79
433 48
434 71
435 60
436 91
437 29
438 23
439 58
440 93
441 -1
442 15
443 22
444 43
445 89
446 69
447 38
448 64
449 0
450 73
451 78
452 64
453 37
454 41
455 89
456 97
457 27
458 63
459 86
460 69
461 49
462 65
463 35
464 46
465 66
466 66
467 13
468 52
469 61
470 78
471 57
472 5
473 86
474 46
475 80
476 28
477 52
478 5
479 48
480 92
481 8
482 48
483 41
484 64
485 82
486 17
487 8
488 60
489 23
490 81
491 56
492 28
493 76
494 48
495 10
496 53
497 21
498 62
499 85
500 1
