201 80
202 49
203 9
204 17
205 87
206 64
207 5
208 40
209 48
210 77
211 97
212 55
213 70
214 63
215 94
216 80
217 91
218 19
219 64
220 48
221 14
222 22
223 69
224 96
225 100
226 66
227 61
228 33
229 57
230 22
231 97
232 -1
233 67
234 31
235 65
236 20
237 13
238 85
239 38
240 47
241 63
242 43
243 46
244 33
245 27
246 78
247 10
248 8
249 81
250 58
251 41
252 39
253 95
254 45
255 49
256 -1
257 49
258 91
259 29
260 29
261 67
262 54
263 15
264 95
265 31
266 4
267 21
268 100
269 28
270 38
271 71
272 91
273 55
274 44
275 88
276 76
277 32
278 35
279 61
280 99
281 34
282 3
283 77
284 87
285 48
286 13
287 11
288 86
289 58
290 42
291 66
292 52
293 66
294 71
295 45
296 14
297 30
298 72
299 100
300 40
