1 94
2 16
3 6
4 92
5 69
6 22
7 29
8 56
9 38
10 45
11 88
12 56
13 96
14 9
15 66
16 71
17 59
18 71
19 67
20 25
21 -1
22 91
23 43
24 51
25 92
26 42
27 60
28 58
29 47
30 39
31 8
32 51
33 10
34 90
35 79
36 25
37 18
38 17
39 12
40 40
41 23
42 28
43 77
44 31
45 31
46 -1
47 90
48 65
49 28
50 90
51 27
52 100
53 53
54 37
55 31
56 9
57 59
58 88
59 76
60 14
61 45
62 25
63 52
64 63
65 51
66 33
67 18
68 13
69 77
70 10
71 3
72 28
73 70
74 79
75 33
76 88
77 37
78 50
79 35
80 32
81 33
82 96
83 98
84 25
85 80
86 91
87 87
88 67
89 20
90 11
91 21
92 8
93 8
94 93
95 21
96 27
97 50
98 95
99 96
100 4
