401 10
402 85
403 11
404 89
405 88
406 42
407 53
408 28
409 67
410 99
411 90
412 57
413 93
414 88
415 97
416 67
417 82
418 50
419 27
420 79
421 33
422 71
423 31
424 68
425 27
426 35
427 77
428 23
429 12
430 55
431 97
432 84
433 46
434 21
435 28
436 90
437 80
438 72
439 71
440 41
441 100
442 31
443 55
444 62
445 11
446 24
447 26
448 5
449 88
450 6
451 10
452 11
453 34
454 45
455 70
456 70
457 -1
458 40
459 70
460 68
461 43
462 40
463 17
464 89
465 100
466 20
467 97
468 30
469 22
470 64
471 71
472 71
473 27
474 9
475 87
476 4
477 74
478 20
479 -1
480 20
481 10
482 8
483 60
484 43
485 21
486 21
487 24
488 35
489 73
490 36
491 18
492 33
493 6
494 30
495 73
496 93
497 84
498 87
499 66
500 67
