201 76
202 98
203 1
204 100
205 75
206 87
207 49
208 17
209 6
210 33
211 23
212 94
213 95
214 49
215 32
216 80
217 24
218 53
219 72
220 22
221 83
222 44
223 75
224 92
225 10
226 59
227 61
228 33
229 15
230 76
231 18
232 42
233 44
234 32
235 84
236 26
237 69
238 26
239 45
240 42
241 4
242 59
243 94
244 74
245 10
246 70
247 1
248 78
249 53
250 29
251 27
252 5
253 55
254 84
255 14
256 31
257 40
258 21
259 42
260 20
261 55
262 30
263 15
264 6
265 77
266 39
267 99
268 61
269 23
270 71
271 47
272 -1
273 83
274 5
275 -1
276 36
277 92
278 17
279 89
280 48
281 23
282 44
283 41
284 0
285 34
286 69
287 10
288 43
289 55
290 56
291 58
292 53
293 68
294 2
295 32
296 46
297 77
298 10
299 29
300 69
