1 46
2 52
3 70
4 38
5 32
6 16
7 90
8 94
9 46
10 39
11 69
12 68
13 31
14 93
15 35
16 86
17 73
18 17
19 24
20 32
21 5
22 30
23 100
24 30
25 67
26 75
27 78
28 89
29 70
30 44
31 69
32 35
33 50
34 75
35 67
36 96
37 12
38 35
39 14
40 44
41 70
42 32
43 80
44 70
45 66
46 54
47 89
48 21
49 36
50 91
51 43
52 46
53 88
54 6
55 92
56 89
57 18
58 96
59 96
60 62
61 97
62 74
63 15
64 74
65 7
66 56
67 33
68 81
69 42
70 76
71 13
72 50
73 59
74 40
75 94
76 25
77 58
78 55
79 75
80 82
81 82
82 75
83 27
84 36
85 90
86 99
87 29
88 89
89 53
90 3
91 88
92 38
93 0
94 13
95 1
96 57
97 8
98 40
99 57
100 3
