101 12
102 70
103 -1
104 19
105 50
106 29
107 35
108 36
109 32
110 -1
111 64
112 10
113 17
114 7
115 50
116 78
117 57
118 6
119 80
120 66
121 75
122 84
123 27
124 89
125 89
126 76
127 22
128 2
129 87
130 44
131 57
132 90
133 44
134 77
135 93
136 43
137 75
138 54
139 39
140 3
141 13
142 -1
143 45
144 28
145 72
146 89
147 46
148 71
149 68
150 13
151 28
152 31
153 93
154 9
155 81
156 27
157 81
158 0
159 77
160 43
161 38
162 91
163 47
164 47
165 -1
166 -1
167 47
168 45
169 95
170 47
171 48
172 41
173 68
174 11
175 23
176 56
177 95
178 99
179 3
180 13
181 72
182 31
183 15
184 86
185 21
186 23
187 91
188 70
189 76
190 100
191 1
192 99
193 66
194 62
195 28
196 78
197 72
198 21
199 61
200 60
