301 17
302 43
303 4
304 20
305 67
306 46
307 19
308 2
309 93
310 84
311 52
312 37
313 33
314 77
315 100
316 17
317 24
318 81
319 95
320 87
321 89
322 21
323 74
324 61
325 50
326 36
327 24
328 60
329 66
330 100
331 41
332 14
333 28
334 70
335 24
336 65
337 25
338 71
339 99
340 55
341 19
342 17
343 12
344 16
345 98
346 22
347 51
348 10
349 54
350 90
351 78
352 100
353 3
354 29
355 15
356 34
357 97
358 45
359 48
360 80
361 35
362 63
363 43
364 65
365 58
366 35
367 52
368 96
369 12
370 67
371 83
372 32
373 14
374 67
375 62
376 91
377 96
378 57
379 56
380 74
381 61
382 58
383 46
384 2
385 47
386 47
387 -1
388 60
389 92
390 40
391 35
392 82
393 42
394 11
395 58
396 80
397 61
398 31
399 4
400 16
