301 71
302 46
303 100
304 1
305 63
306 38
307 2
308 4
309 63
310 15
311 31
312 63
313 69
314 35
315 70
316 7
317 7
318 3
319 79
320 79
321 51
322 1
323 9
324 5
325 81
326 91
327 33
328 41
329 28
330 44
331 82
332 31
333 87
334 26
335 37
336 42
337 24
338 48
339 62
340 63
341 41
342 54
343 67
344 89
345 60
346 32
347 33
348 40
349 34
350 3
351 5
352 62
353 41
354 7
355 21
356 73
357 98
358 66
359 54
360 26
361 17
362 11
363 22
364 72
365 26
366 61
367 10
368 20
369 74
370 61
371 14
372 24
373 31
374 15
375 82
376 60
377 61
378 47
379 74
380 42
381 -1
382 48
383 26
384 72
385 41
386 37
387 42
388 21
389 0
390 62
391 61
392 1
393 11
394 30
395 17
396 93
397 81
398 86
399 60
400 15
