201 54
202 28
203 93
204 47
205 4
206 98
207 28
208 9
209 22
210 27
211 12
212 24
213 80
214 24
215 36
216 15
217 33
218 89
219 72
220 70
221 49
222 -1
223 84
224 59
225 35
226 19
227 81
228 96
229 95
230 97
231 70
232 99
233 38
234 100
235 37
236 51
237 82
238 78
239 0
240 0
241 36
242 15
243 29
244 26
245 43
246 41
247 56
248 38
249 -1
250 2
251 68
252 38
253 1
254 50
255 6
256 74
257 13
258 61
259 49
260 63
261 15
262 21
263 92
264 35
265 29
266 100
267 81
268 82
269 50
270 4
271 6
272 3
273 52
274 21
275 64
276 12
277 1
278 51
279 4
280 64
281 81
282 50
283 86
284 63
285 4
286 18
287 -1
288 56
289 5
290 28
291 99
292 15
293 65
294 39
295 28
296 97
297 43
298 74
299 39
300 11
