401 30
402 -1
403 12
404 74
405 66
406 65
407 54
408 41
409 49
410 73
411 51
412 60
413 83
414 60
415 16
416 9
417 19
418 70
419 41
420 64
421 55
422 40
423 61
424 8
425 98
426 82
427 30
428 46
429 45
430 34
431 47
432 2
433 27
434 92
435 33
436 97
437 49
438 75
439 25
440 80
441 49
442 93
443 76
444 64
445 -1
446 52
447 76
448 57
449 95
450 30
451 77
452 84
453 77
454 69
455 35
456 33
457 35
458 41
459 66
460 81
461 82
462 3
463 89
464 50
465 6
466 85
467 23
468 42
469 36
470 13
471 92
472 74
473 66
474 17
475 44
476 5
477 -1
478 35
479 32
480 78
481 91
482 74
483 89
484 40
485 77
486 58
487 72
488 24
489 30
490 32
491 31
492 59
493 82
494 29
495 90
496 54
497 26
498 66
499 69
500 73
