1 65
2 3
3 45
4 -1
5 65
6 0
7 27
8 51
9 9
10 67
11 29
12 47
13 47
14 66
15 29
16 38
17 85
18 55
19 23
20 13
21 72
22 24
23 38
24 83
25 62
26 39
27 17
28 94
29 9
30 74
31 16
32 55
33 93
34 2
35 57
36 40
37 17
38 81
39 54
40 58
41 52
42 38
43 81
44 63
45 44
46 14
47 84
48 79
49 97
50 86
51 93
52 18
53 31
54 5
55 45
56 24
57 27
58 32
59 18
60 1
61 97
62 38
63 4
64 41
65 4
66 37
67 0
68 57
69 41
70 64
71 65
72 74
73 50
74 65
75 61
76 29
77 0
78 83
79 64
80 99
81 82
82 46
83 57
84 11
85 18
86 63
87 7
88 97
89 41
90 3
91 48
92 91
93 72
94 86
95 53
96 -1
97 -1
98 83
99 43
100 64
