401 74
402 11
403 8
404 87
405 50
406 94
407 68
408 59
409 59
410 67
411 35
412 27
413 5
414 63
415 88
416 44
417 86
418 31
419 95
420 49
421 7
422 68
423 5
424 43
425 30
426 51
427 72
428 20
429 62
430 81
431 56
432 80
433 -1
434 59
435 78
436 87
437 85
438 48
439 41
440 75
441 7
442 42
443 29
444 51
445 55
446 28
447 82
448 92
449 57
450 45
451 80
452 49
453 2
454 23
455 26
456 21
457 41
458 13
459 18
460 82
461 7
462 89
463 17
464 99
465 26
466 58
467 92
468 63
469 81
470 68
471 49
472 89
473 92
474 100
475 23
476 79
477 74
478 41
479 29
480 68
481 62
482 1
483 66
484 76
485 81
486 3
487 31
488 73
489 28
490 65
491 -1
492 50
493 61
494 66
495 83
496 74
497 76
498 39
499 44
500 87
