101 21
102 41
103 14
104 63
105 83
106 42
107 24
108 45
109 54
110 41
111 57
112 70
113 9
114 34
115 4
116 61
117 15
118 29
119 1
120 55
121 58
122 84
123 49
124 16
125 80
126 88
127 49
128 75
129 87
130 0
131 40
132 1
133 -1
134 62
135 67
136 80
137 95
138 46
139 72
140 34
141 83
142 79
143 54
144 20
145 46
146 98
147 27
148 7
149 82
150 23
151 69
152 78
153 36
154 92
155 10
156 61
157 64
158 98
159 88
160 6
161 54
162 16
163 17
164 36
165 92
166 12
167 7
168 68
169 94
170 55
171 94
172 33
173 53
174 13
175 84
176 23
177 72
178 41
179 78
180 36
181 66
182 23
183 31
184 52
185 77
186 86
187 99
188 51
189 58
190 58
191 65
192 100
193 39
194 60
195 11
196 59
197 100
198 9
199 59
200 29
