301 56
302 55
303 41
304 28
305 69
306 70
307 24
308 52
309 85
310 90
311 52
312 79
313 15
314 70
315 95
316 100
317 57
318 13
319 68
320 62
321 25
322 61
323 23
324 91
325 75
326 1
327 74
328 60
329 45
330 11
331 67
332 86
333 14
334 38
335 3
336 89
337 -1
338 43
339 63
340 5
341 30
342 58
343 24
344 11
345 6
346 29
347 16
348 0
349 17
350 50
351 31
352 62
353 29
354 79
355 88
356 7
357 4
358 4
359 33
360 71
361 92
362 99
363 21
364 3
365 26
366 94
367 40
368 32
369 26
370 24
371 11
372 44
373 97
374 95
375 16
376 2
377 6
378 66
379 47
380 78
381 79
382 45
383 27
384 34
385 80
386 38
387 50
388 41
389 86
390 92
391 74
392 99
393 8
394 93
395 98
396 6
397 83
398 87
399 79
400 35
