1 78
2 14
3 9
4 93
5 8
6 81
7 59
8 98
9 14
10 53
11 98
12 99
13 55
14 87
15 72
16 51
17 18
18 14
19 35
20 5
21 14
22 42
23 72
24 85
25 95
26 90
27 84
28 84
29 99
30 63
31 41
32 18
33 83
34 33
35 93
36 3
37 26
38 68
39 39
40 51
41 8
42 93
43 69
44 84
45 6
46 3
47 54
48 33
49 72
50 14
51 23
52 14
53 18
54 76
55 56
56 86
57 47
58 86
59 80
60 47
61 15
62 27
63 26
64 32
65 44
66 60
67 71
68 3
69 66
70 2
71 63
72 45
73 82
74 63
75 16
76 78
77 48
78 66
79 45
80 77
81 42
82 79
83 14
84 2
85 59
86 86
87 48
88 69
89 83
90 3
91 4
92 61
93 30
94 42
95 19
96 8
97 48
98 74
99 25
100 44
