201 63
202 67
203 -1
204 73
205 90
206 67
207 5
208 36
209 73
210 60
211 84
212 64
213 69
214 99
215 76
216 81
217 97
218 56
219 65
220 34
221 75
222 59
223 97
224 25
225 35
226 94
227 99
228 34
229 87
230 20
231 74
232 61
233 40
234 55
235 0
236 52
237 92
238 60
239 82
240 20
241 44
242 95
243 59
244 6
245 86
246 40
247 65
248 48
249 60
250 5
251 22
252 11
253 61
254 87
255 98
256 66
257 80
258 51
259 49
260 13
261 3
262 30
263 35
264 48
265 98
266 84
267 28
268 99
269 49
270 1
271 20
272 27
273 15
274 43
275 59
276 71
277 72
278 93
279 58
280 18
281 2
282 84
283 36
284 34
285 66
286 52
287 78
288 15
289 18
290 86
291 92
292 21
293 59
294 14
295 96
296 47
297 31
298 65
299 63
300 0
