1 -1
2 23
3 78
4 5
5 60
6 77
7 16
8 84
9 41
10 43
11 37
12 52
13 59
14 28
15 45
16 23
17 53
18 28
19 22
20 66
21 95
22 87
23 100
24 64
25 0
26 60
27 60
28 43
29 17
30 83
31 6
32 15
33 31
34 95
35 34
36 91
37 29
38 9
39 63
40 17
41 19
42 12
43 47
44 28
45 43
46 79
47 25
48 94
49 86
50 93
51 28
52 77
53 73
54 -1
55 33
56 84
57 98
58 78
59 56
60 65
61 14
62 31
63 28
64 86
65 80
66 66
67 51
68 87
69 48
70 45
71 79
72 70
73 90
74 41
75 33
76 1
77 9
78 12
79 22
80 21
81 59
82 17
83 43
84 24
85 90
86 19
87 27
88 74
89 62
90 39
91 34
92 87
93 12
94 65
95 31
96 32
97 14
98 33
99 82
100 22
