301 21
302 38
303 72
304 26
305 76
306 34
307 49
308 15
309 20
310 50
311 20
312 77
313 5
314 69
315 71
316 28
317 38
318 36
319 94
320 56
321 91
322 33
323 45
324 20
325 79
326 13
327 17
328 69
329 16
330 34
331 1
332 3
333 48
334 70
335 25
336 40
337 7
338 39
339 90
340 61
341 59
342 54
343 15
344 35
345 93
346 0
347 48
348 98
349 100
350 51
351 96
352 75
353 23
354 29
355 89
356 96
357 52
358 96
359 29
360 94
361 35
362 65
363 53
364 72
365 43
366 23
367 16
368 41
369 21
370 94
371 82
372 89
373 60
374 78
375 64
376 11
377 49
378 58
379 53
380 100
381 78
382 6
383 64
384 67
385 26
386 36
387 24
388 95
389 5
390 93
391 88
392 85
393 28
394 2
395 86
396 31
397 54
398 58
399 70
400 93
