201 97
202 9
203 6
204 27
205 23
206 85
207 25
208 77
209 66
210 30
211 56
212 28
213 73
214 80
215 27
216 96
217 4
218 73
219 54
220 74
221 63
222 39
223 97
224 55
225 35
226 13
227 25
228 100
229 33
230 1
231 29
232 52
233 54
234 21
235 62
236 50
237 29
238 16
239 52
240 21
241 54
242 64
243 58
244 51
245 28
246 62
247 32
248 4
249 100
250 42
251 1
252 33
253 54
254 54
255 26
256 48
257 39
258 48
259 84
260 76
261 27
262 77
263 44
264 83
265 46
266 60
267 67
268 55
269 18
270 64
271 13
272 13
273 53
274 70
275 27
276 60
277 76
278 22
279 1
280 15
281 56
282 27
283 52
284 23
285 29
286 7
287 19
288 34
289 43
290 5
291 75
292 45
293 77
294 33
295 33
296 39
297 84
298 92
299 55
300 -1
