201 23
202 0
203 55
204 82
205 47
206 81
207 42
208 83
209 -1
210 65
211 25
212 61
213 64
214 88
215 68
216 71
217 49
218 15
219 8
220 71
221 65
222 60
223 87
224 17
225 18
226 65
227 0
228 72
229 78
230 78
231 84
232 46
233 2
234 26
235 14
236 89
237 98
238 29
239 -1
240 55
241 11
242 78
243 79
244 80
245 97
246 19
247 36
248 40
249 96
250 35
251 76
252 39
253 49
254 26
255 84
256 28
257 100
258 56
259 41
260 86
261 80
262 57
263 47
264 64
265 83
266 16
267 50
268 10
269 78
270 3
271 88
272 90
273 88
274 76
275 90
276 15
277 22
278 86
279 52
280 11
281 29
282 62
283 92
284 89
285 73
286 62
287 60
288 100
289 -1
290 48
291 21
292 39
293 12
294 70
295 20
296 88
297 76
298 95
299 84
300 76
