201 43
202 6
203 60
204 34
205 55
206 55
207 12
208 55
209 28
210 30
211 66
212 51
213 15
214 18
215 11
216 73
217 83
218 3
219 13
220 95
221 22
222 40
223 58
224 33
225 20
226 80
227 7
228 62
229 73
230 52
231 51
232 9
233 43
234 50
235 28
236 98
237 64
238 35
239 94
240 91
241 55
242 65
243 40
244 37
245 35
246 9
247 46
248 17
249 6
250 14
251 10
252 72
253 69
254 89
255 91
256 48
257 29
258 9
259 46
260 7
261 59
262 67
263 96
264 77
265 17
266 21
267 5
268 5
269 42
270 73
271 78
272 75
273 84
274 28
275 3
276 85
277 35
278 69
279 47
280 25
281 68
282 56
283 32
284 30
285 44
286 33
287 25
288 43
289 80
290 86
291 34
292 13
293 5
294 18
295 54
296 93
297 38
298 40
299 6
300 90
