301 12
302 98
303 42
304 38
305 81
306 69
307 22
308 66
309 85
310 52
311 95
312 61
313 71
314 68
315 78
316 55
317 35
318 34
319 76
320 99
321 78
322 95
323 35
324 48
325 28
326 8
327 11
328 1
329 77
330 13
331 0
332 85
333 42
334 60
335 2
336 59
337 2
338 25
339 33
340 62
341 93
342 29
343 43
344 2
345 90
346 52
347 8
348 69
349 67
350 25
351 91
352 52
353 29
354 73
355 97
356 84
357 69
358 2
359 73
360 39
361 64
362 82
363 33
364 27
365 65
366 84
367 22
368 18
369 19
370 84
371 53
372 96
373 94
374 79
375 39
376 46
377 13
378 14
379 36
380 6
381 90
382 95
383 31
384 22
385 66
386 37
387 43
388 61
389 85
390 73
391 95
392 61
393 74
394 5
395 55
396 99
397 100
398 22
399 17
400 77
