1 79
2 18
3 57
4 42
5 63
6 70
7 87
8 13
9 64
10 12
11 70
12 21
13 9
14 8
15 88
16 26
17 54
18 79
19 38
20 37
21 8
22 88
23 6
24 72
25 59
26 94
27 61
28 13
29 4
30 67
31 6
32 73
33 47
34 26
35 56
36 51
37 90
38 50
39 39
40 25
41 17
42 21
43 61
44 22
45 43
46 18
47 81
48 82
49 83
50 45
51 9
52 80
53 21
54 63
55 2
56 50
57 47
58 8
59 75
60 33
61 25
62 36
63 89
64 66
65 82
66 72
67 16
68 39
69 5
70 44
71 54
72 67
73 21
74 79
75 12
76 94
77 55
78 79
79 -1
80 29
81 7
82 39
83 26
84 -1
85 2
86 24
87 72
88 36
89 93
90 50
91 49
92 32
93 90
94 14
95 10
96 39
97 100
98 54
99 31
100 52
