301 8
302 10
303 46
304 41
305 -1
306 62
307 96
308 34
309 9
310 86
311 98
312 45
313 21
314 0
315 21
316 75
317 59
318 23
319 74
320 38
321 44
322 33
323 70
324 80
325 35
326 75
327 90
328 36
329 -1
330 23
331 6
332 19
333 100
334 62
335 72
336 -1
337 35
338 34
339 35
340 100
341 78
342 35
343 93
344 72
345 14
346 92
347 19
348 83
349 0
350 51
351 -1
352 44
353 37
354 13
355 70
356 4
357 -1
358 25
359 26
360 11
361 15
362 81
363 47
364 17
365 69
366 29
367 53
368 57
369 26
370 74
371 0
372 73
373 37
374 72
375 63
376 23
377 88
378 71
379 75
380 23
381 39
382 0
383 89
384 28
385 18
386 69
387 53
388 30
389 48
390 5
391 81
392 12
393 2
394 21
395 55
396 89
397 43
398 8
399 31
400 76
