1 91
2 57
3 92
4 59
5 1
6 84
7 88
8 8
9 26
10 41
11 81
12 97
13 84
14 9
15 32
16 38
17 86
18 67
19 68
20 3
21 50
22 78
23 32
24 25
25 13
26 83
27 51
28 77
29 88
30 14
31 44
32 83
33 71
34 37
35 64
36 18
37 12
38 5
39 37
40 41
41 11
42 100
43 21
44 12
45 44
46 29
47 61
48 52
49 37
50 27
51 82
52 88
53 93
54 33
55 46
56 87
57 33
58 20
59 95
60 95
61 42
62 45
63 82
64 68
65 15
66 77
67 70
68 32
69 53
70 39
71 42
72 78
73 8
74 78
75 27
76 33
77 35
78 25
79 91
80 14
81 96
82 28
83 55
84 83
85 94
86 70
87 69
88 12
89 87
90 28
91 28
92 52
93 10
94 18
95 57
96 34
97 -1
98 36
99 54
100 92
