101 10
102 31
103 24
104 96
105 40
106 22
107 100
108 29
109 22
110 -1
111 66
112 64
113 90
114 88
115 -1
116 41
117 66
118 17
119 76
120 99
121 61
122 89
123 19
124 20
125 70
126 18
127 7
128 15
129 35
130 87
131 99
132 23
133 97
134 50
135 14
136 62
137 19
138 0
139 60
140 67
141 84
142 55
143 85
144 38
145 93
146 68
147 55
148 7
149 70
150 8
151 46
152 17
153 47
154 24
155 33
156 91
157 80
158 47
159 1
160 20
161 -1
162 3
163 61
164 23
165 23
166 11
167 16
168 63
169 28
170 41
171 0
172 30
173 94
174 4
175 99
176 53
177 39
178 28
179 98
180 93
181 24
182 17
183 77
184 92
185 67
186 73
187 100
188 16
189 16
190 61
191 37
192 43
193 80
194 24
195 11
196 24
197 50
198 23
199 77
200 96
