401 51
402 59
403 16
404 25
405 59
406 34
407 29
408 29
409 28
410 62
411 43
412 13
413 98
414 69
415 44
416 48
417 59
418 69
419 100
420 13
421 90
422 14
423 61
424 -1
425 61
426 54
427 9
428 81
429 66
430 26
431 28
432 85
433 77
434 7
435 87
436 32
437 20
438 15
439 23
440 4
441 24
442 6
443 31
444 54
445 67
446 38
447 5
448 87
449 24
450 66
451 30
452 11
453 3
454 31
455 94
456 28
457 19
458 75
459 65
460 85
461 31
462 77
463 37
464 97
465 28
466 -1
467 81
468 1
469 45
470 44
471 -1
472 65
473 78
474 -1
475 70
476 72
477 22
478 33
479 40
480 74
481 36
482 52
483 83
484 96
485 48
486 27
487 11
488 85
489 88
490 75
491 68
492 25
493 17
494 30
495 88
496 39
497 83
498 63
499 83
500 23
