0 1
1 5
2 3
3 8
4 1
5 5
6 1
7 5
8 2
9 5
10 6
11 4
12 1
13 2
14 5
15 2
16 2
17 1
18 8
19 2
20 1
21 7
22 8
23 8
24 6
25 3
26 6
27 5
28 4
29 5
30 3
31 1
32 4
33 4
34 6
35 4
36 8
37 1
38 1
39 8
40 2
41 2
42 1
43 5
44 8
45 1
46 1
47 4
48 1
49 2
50 4
51 5
52 2
53 1
54 3
55 6
56 1
57 6
58 6
59 1
60 4
61 5
62 4
63 4
64 7
65 6
66 3
67 2
68 7
69 7
70 3
71 7
72 6
73 1
74 4
75 2
76 7
77 2
78 7
79 3
80 6
81 7
82 8
83 4
84 5
85 3
86 5
87 5
88 3
89 8
90 6
91 4
92 2
93 4
94 7
95 2
96 7
97 2
98 7
99 4
100 4
101 7
102 2
103 1
104 4
105 7
106 3
107 8
108 8
109 6
110 1
111 4
112 1
113 6
114 6
115 2
116 4
117 6
118 1
119 5
120 1
121 7
122 6
123 7
124 5
125 4
126 2
127 6
128 6
129 4
130 5
131 5
132 6
133 7
134 3
135 7
136 4
137 5
138 1
139 3
140 7
141 6
142 5
143 2
144 6
145 8
146 2
147 2
148 4
149 2
150 8
151 3
152 7
153 8
154 6
155 2
156 2
157 7
158 6
159 6
160 4
161 7
162 1
163 6
164 2
165 8
166 5
167 2
168 5
169 6
170 3
171 7
172 6
173 3
174 8
175 5
176 3
177 7
178 3
179 4
180 8
181 2
182 4
183 3
184 7
185 7
186 3
187 7
188 1
189 4
190 1
191 7
192 1
193 4
194 1
195 7
196 8
197 1
198 1
199 2
200 1
201 3
202 8
203 3
204 2
205 2
206 7
207 3
208 2
209 2
210 3
211 4
212 6
213 5
214 7
215 2
216 4
217 3
218 2
219 6
220 6
221 7
222 3
223 3
224 5
225 6
226 4
227 2
228 7
229 1
230 3
231 6
232 4
233 4
234 6
235 1
236 7
237 5
238 4
239 5
240 7
241 7
242 2
243 1
244 4
245 4
246 8
247 6
248 7
249 5
250 6
251 7
252 2
253 5
254 2
255 1
